5902573011399;1;1;a
5902573004322;1;1;a
5902573008993;1;1;a
5902573004254;1;1;a
5902573010408;1;1;a
5902573011405;1;1;a
5902573009839;1;1;a
5902573010576;1;1;a
5902573004261;1;1;a
5902573010453;1;1;a
5902573011641;1;1;a
5902573009860;1;1;a
5902573010415;1;1;a
5902573010170;1;1;a
5902573011412;1;1;a
5902573010606;1;1;a
5902573004278;1;1;a
5902573010422;1;1;a
5902573011429;1;1;a
5902573006814;1;1;a
5902573011337;1;1;a
5902573009136;1;1;a
5902573009143;1;1;a
5902573007804;1;1;a
5905728000743;1;1;a
5903292348179;1;1;a
5903292344294;1;1;a
4840454009466;1;1;a
4840454010387;1;1;a
4840454010370;1;1;a
4840454011292;1;1;a
5907226000720;1;1;a
5907226000706;1;1;a
5907226000744;1;1;a
4840472003873;1;1;a
4840472012202;1;1;a
4840472020009;1;1;a
4840472021372;1;1;a
5903292342818;1;1;a
5903292349930;1;1;a
7804320054940;1;1;a
7804320054971;1;1;a
7804320753607;1;1;a
7804320753904;1;1;a
7804320156903;1;1;a
7804320119434;1;1;a
7804320753751;1;1;a
7804320127538;1;1;a
7804320234007;1;1;a
7804320756356;1;1;a
5907670650199;1;1;a
5907670650205;1;1;a
5903292341552;1;1;a
5997906108037;1;1;a
4840046002691;1;1;a
8437002986148;1;1;a
5907226001055;1;1;a
5907226001031;1;1;a
5907226000997;1;1;a
5907226001017;1;1;a
5907226001093;1;1;a
3378638120221;1;1;a
084279987910;1;1;a
3378639920127;1;1;a
5903292345093;1;1;a
4860010010743;1;1;a
4860010010736;1;1;a
5908243612750;1;1;a
5908243612743;1;1;a
5907670650304;1;1;a
5908243612699;1;1;a
3437540053574;1;1;a
3437540053581;1;1;a
4006542057294;1;1;a
7791843004920;1;1;a
5903292345574;1;1;a
5903292344256;1;1;a
5903292345581;1;1;a
5903292344232;1;1;a
7801222001942;1;1;a
7801222006992;1;1;a
7801222005285;1;1;a
5903292348605;1;1;a
8008863058925;1;1;a
4840454000234;1;1;a
5903292349442;1;1;a
5903292348919;1;1;a
5903292348933;1;1;a
5903292348896;1;1;a
5903292349466;1;1;a
5903292349497;1;1;a
5907226000683;1;1;a
5600312192575;1;1;a
5600312192568;1;1;a
5600312191080;1;1;a
5600312192544;1;1;a
5600312190335;1;1;a
5600312190489;1;1;a
5600312191875;1;1;a
5600312191332;1;1;a
5600312191196;1;1;a
5600312192230;1;1;a
5600312192216;1;1;a
5600312192537;1;1;a
5600312192209;1;1;a
5903292343730;1;1;a
5903292344379;1;1;a
5903292348575;1;1;a
5903292343273;1;1;a
5903292343235;1;1;a
5903292343259;1;1;a
7804320313276;1;1;a
5998284530120;1;1;a
5903292341750;1;1;a
5601971584732;1;1;a
5601971564635;1;1;a
4001744070539;1;1;a
4001744073356;1;1;a
5903292340890;1;1;a
5900334012746;1;1;a
5900334006196;1;1;a
5900334013521;1;1;a
5900334022486;1;1;a
5900334001849;1;1;a
5900334001740;1;1;a
5900334001818;1;1;a
5900334001733;1;1;a
5900334006363;1;1;a
5900334013316;1;1;a
5900334012661;1;1;a
5900334009371;1;1;a
5900334013774;1;1;a
5900334020406;1;1;a
5900334020390;1;1;a
5900334020307;1;1;a
5900334020291;1;1;a
5900334021885;1;1;a
5900334012753;1;1;a
5900334005939;1;1;a
5900334013378;1;1;a
5900334008381;1;1;a
5900334012685;1;1;a
5900334002242;1;1;a
5900334012869;1;1;a
5900334000200;1;1;a
5900334005496;1;1;a
5900334000279;1;1;a
5900334012999;1;1;a
5900334000255;1;1;a
5900334000750;1;1;a
5900334015754;1;1;a
5900334000477;1;1;a
5900334000736;1;1;a
5900334005465;1;1;a
5900334125415;1;1;a
5900334006257;1;1;a
5900334006233;1;1;a
5900334015761;1;1;a
5900334005557;1;1;a
5900334004321;1;1;a
5900334013545;1;1;a
5900334001443;1;1;a
5900334013576;1;1;a
5900334013552;1;1;a
5900334021595;1;1;a
5900334019417;1;1;a
5900334019424;1;1;a
5900334021939;1;1;a
5900334021724;1;1;a
5900334021922;1;1;a
5901067409568;1;1;a
5901067409551;1;1;a
5901067409575;1;1;a
5901067403726;1;1;a
5901067408455;1;1;a
5901067403771;1;1;a
5901067403764;1;1;a
5901067408479;1;1;a
5901067410670;1;1;a
5901067410687;1;1;a
5901067410663;1;1;a
5901067410502;1;1;a
5901067410489;1;1;a
5901067410496;1;1;a
5901067409469;1;1;a
5901067409438;1;1;a
5901067409445;1;1;a
5901067409452;1;1;a
5900334021274;1;1;a
5900334021564;1;1;a
5900334015211;1;1;a
5900334014870;1;1;a
5900334004093;1;1;a
5900334021298;1;1;a
5900334020468;1;1;a
5900334008206;1;1;a
5900334008213;1;1;a
5900334021571;1;1;a
5900334020475;1;1;a
5900334020765;1;1;a
5900334020772;1;1;a
5900334021601;1;1;a
5900334021649;1;1;a
5900334021656;1;1;a
5900334021663;1;1;a
5900334021625;1;1;a
5900334018960;1;1;a
5900334018953;1;1;a
5900334018946;1;1;a
5900334009142;1;1;a
5900334021700;1;1;a
5900334021717;1;1;a
5900334021731;1;1;a
5900334021748;1;1;a
5900334020178;1;1;a
5900334020185;1;1;a
5900334020116;1;1;a
5901067451024;1;1;a
5901067455022;1;1;a
5901067447027;1;1;a
5901067404433;1;1;a
5901067404440;1;1;a
5901067400268;1;1;a
5901067403467;1;1;a
5901067406734;1;1;a
5901067406758;1;1;a
5901067406741;1;1;a
5901067406765;1;1;a
5901067406772;1;1;a
5901067406796;1;1;a
5901067406789;1;1;a
5901067400824;1;1;a
5901067407069;1;1;a
5901067409940;1;1;a
5901067409926;1;1;a
5901067409933;1;1;a
5901067408028;1;1;a
5901067407199;1;1;a
5901067407205;1;1;a
5901067408356;1;1;a
5901067408349;1;1;a
5901067408363;1;1;a
5901067408509;1;1;a
5901067408486;1;1;a
5901067406727;1;1;a
5901067406703;1;1;a
5901067472012;1;1;a
5901067470018;1;1;a
5901067460019;1;1;a
5901067407076;1;1;a
5901067404594;1;1;a
5901067404600;1;1;a
5901067410120;1;1;a
5901067407021;1;1;a
5901067407045;1;1;a
5901067406048;1;1;a
5901067407083;1;1;a
5901067406611;1;1;a
5901067406598;1;1;a
5901067406628;1;1;a
5901067452533;1;1;a
5901067406604;1;1;a
5901067452526;1;1;a
5901067410014;1;1;a
5901067400107;1;1;a
5901067406659;1;1;a
5901067406635;1;1;a
5901067406666;1;1;a
5901067406642;1;1;a
5901067410113;1;1;a
5901067410106;1;1;a
5900334010797;1;1;a
5900334016782;1;1;a
5900334016775;1;1;a
5900334014450;1;1;a
5900334014467;1;1;a
5900334014443;1;1;a
5900334003935;1;1;a
5900334003928;1;1;a
5900334003942;1;1;a
5900334019073;1;1;a
5900334021823;1;1;a
5900334020093;1;1;a
5900334020109;1;1;a
5900334005625;1;1;a
5900334000828;1;1;a
5900334010544;1;1;a
5900334000859;1;1;a
5900334000880;1;1;a
5900334000767;1;1;a
5900334000835;1;1;a
5900334021793;1;1;a
5900334016560;1;1;a
5900334016553;1;1;a
5900334016546;1;1;a
5900334020277;1;1;a
5900334010711;1;1;a
5900334010735;1;1;a
5900334020222;1;1;a
5900334010780;1;1;a
5900334010773;1;1;a
5900334010766;1;1;a
5900334020239;1;1;a
5900334020246;1;1;a
5900334017345;1;1;a
5900334000149;1;1;a
5900334008749;1;1;a
5900334000781;1;1;a
5900334000330;1;1;a
5900334021526;1;1;a
5900334021533;1;1;a
5900334017765;1;1;a
5900334017789;1;1;a
5900334018274;1;1;a
5900334017710;1;1;a
5900334017703;1;1;a
5900334022004;1;1;a
5900334017727;1;1;a
5900334018298;1;1;a
5900334018243;1;1;a
5900334017741;1;1;a
5900334017734;1;1;a
5900334022028;1;1;a
5900334017758;1;1;a
5900334022011;1;1;a
5900334018267;1;1;a
5900334001061;1;1;a
5900334001047;1;1;a
5900334001375;1;1;a
5900334007780;1;1;a
5900334005526;1;1;a
5900334005519;1;1;a
5901067402040;1;1;a
5901067407014;1;1;a
5901067406994;1;1;a
5901067401999;1;1;a
5901067409186;1;1;a
5901067406970;1;1;a
5901067402095;1;1;a
5901067406987;1;1;a
5901067402484;1;1;a
5901067402491;1;1;a
5900334004017;1;1;a
5900334004031;1;1;a
5900334004048;1;1;a
5900334020062;1;1;a
5900334002587;1;1;a
5900334002600;1;1;a
5900334015921;1;1;a
5053990101573;1;1;a
5053990161669;1;1;a
5053990101597;1;1;a
5900334017451;1;1;a
5900334017468;1;1;a
5901937000307;1;1;a
5901937000574;1;1;a
5901937000314;1;1;a
5901937000017;1;1;a
5901937000581;1;1;a
5901937000024;1;1;a
5902078001109;1;1;a
5902078001208;1;1;a
5902078000102;1;1;a
5902078020001;1;1;a
5902078000201;1;1;a
5902078003202;1;1;a
5906395270217;1;1;a
5906395270200;1;1;a
90343766;1;1;a
5449000114099;1;1;a
5449000288042;1;1;a
5449000114082;1;1;a
3047100056251;1;1;a
7312040017072;1;1;a
7312040552153;1;1;a
7312040551668;1;1;a
7312040017683;1;1;a
7312040350308;1;1;a
7312040017034;1;1;a
4850001002277;1;1;a
4850001001904;1;1;a
4850001002307;1;1;a
4850001001911;1;1;a
4850001002314;1;1;a
5010106113493;1;1;a
5000299606728;1;1;a
5000299628713;1;1;a
5000299628034;1;1;a
5000299603567;1;1;a
5010106113127;1;1;a
5000299613771;1;1;a
5000299628355;1;1;a
5010106111956;1;1;a
5000329002193;1;1;a
5000299618240;1;1;a
8410302406004;1;1;a
8410302106300;1;1;a
080432402733;1;1;a
5000299601327;1;1;a
080432402931;1;1;a
5000299622049;1;1;a
5000299626993;1;1;a
5000299611104;1;1;a
5900191016758;1;1;a
5000299295021;1;1;a
5000299627471;1;1;a
5900191013405;1;1;a
5900191013429;1;1;a
9300727406439;1;1;a
9300727016478;1;1;a
9311643014080;1;1;a
9300727016485;1;1;a
9300727453525;1;1;a
9300727041685;1;1;a
9300727016454;1;1;a
5011007015534;1;1;a
5011007003005;1;1;a
5011007024000;1;1;a
5011007025960;1;1;a
5011007025410;1;1;a
5011007003548;1;1;a
5011007020620;1;1;a
5900191015584;1;1;a
5900191015607;1;1;a
5900191015621;1;1;a
8410024710571;1;1;a
8410024710601;1;1;a
3219820005882;1;1;a
5900191015423;1;1;a
5900191013313;1;1;a
5900191013337;1;1;a
5900191015911;1;1;a
5900191016932;1;1;a
5900191016840;1;1;a
5900191016864;1;1;a
5000299210475;1;1;a
5000299210413;1;1;a
8501110086196;1;1;a
8501110088831;1;1;a
8501110080439;1;1;a
5900191017625;1;1;a
5900191017663;1;1;a
5900191017601;1;1;a
5900191017649;1;1;a
080432115251;1;1;a
5900191013993;1;1;a
5900191018127;1;1;a
5900191013917;1;1;a
5900191018028;1;1;a
5900191014266;1;1;a
5900191014242;1;1;a
5900191013924;1;1;a
5900191014013;1;1;a
5900541007252;1;1;a
5900541000079;1;1;a
5900541011938;1;1;a
5900541006972;1;1;a
5900541004145;1;1;a
5900541010337;1;1;a
5900541000062;1;1;a
5900541010979;1;1;a
5900541011037;1;1;a
5900541001069;1;1;a
5900541011853;1;1;a
5900541012027;1;1;a
5900541010368;1;1;a
5900541010306;1;1;a
5900541010245;1;1;a
5900541012058;1;1;a
5900541011150;1;1;a
5900541011099;1;1;a
5900541011129;1;1;a
5900541011068;1;1;a
5900541011181;1;1;a
5900541000017;1;1;a
5900541008556;1;1;a
5900541000499;1;1;a
5900541000000;1;1;a
5900541005883;1;1;a
5900541009461;1;1;a
5900541000123;1;1;a
